(0, 22)   [8, 14]
(1, 20)   [7, 2]
(2, 18)   [6, 2]
(3, 15)   [5, 3]
(5, 13)   [3, 2]
(6, 11)   [2, 2]
(8, 10)   [18, 19]
(9, 8)    [3, 2]
(9, 60)   [1, 1]
(10, 56)  [16, 9]
(11, 53)  [15, 3]
(11, 65)  [15, 3]
(12, 6)   [3, 4]
(12, 51)  [14, 2]
(12, 68)  [14, 2]
(13, 48)  [13, 3]
(13, 70)  [13, 3]
(15, 4)   [2, 6]
(15, 45)  [11, 3]
(15, 73)  [11, 2]
(17, 3)   [2, 7]
(17, 44)  [9, 1]
(17, 75)  [9, 2]
(19, 2)   [3, 8]
(19, 42)  [7, 2]
(20, 77)  [6, 2]
(22, 1)   [4, 9]
(22, 40)  [4, 2]
(22, 79)  [4, 1]
(24, 80)  [2, 1]
(26, 0)   [11, 81]
(27, 81)  [1, 5]
(28, 81)  [7, 15]
(29, 96)  [5, 5]
(30, 101) [3, 4]
(30, 109) [3, 5]
(31, 105) [1, 4]
(32, 114) [1, 6]
(35, 81)  [1, 7]
(37, 1)   [4, 9]
(37, 10)  [18, 19]
(37, 40)  [4, 2]
(37, 42)  [7, 2]
(37, 44)  [9, 1]
(37, 45)  [11, 3]
(37, 48)  [13, 3]
(37, 51)  [14, 2]
(37, 53)  [15, 3]
(37, 56)  [16, 9]
(37, 65)  [15, 3]
(37, 68)  [14, 2]
(37, 70)  [13, 3]
(37, 73)  [11, 2]
(37, 75)  [9, 2]
(37, 77)  [6, 2]
(37, 79)  [4, 1]
(37, 80)  [2, 1]
(41, 2)   [3, 8]
(46, 4)   [2, 6]
(48, 6)   [3, 4]
(51, 8)   [3, 2]
(53, 60)  [1, 1]
(55, 11)  [2, 2]
(55, 13)  [3, 2]
(55, 15)  [5, 3]
(55, 18)  [6, 2]
(55, 20)  [7, 2]
(55, 22)  [8, 13]
