(17, 5)   [56, 19]
(23, 24)  [49, 30]
(73, 1)   [7, 17]
(80, 3)   [5, 6]
(85, 5)   [4, 7]
(89, 7)   [4, 5]
(93, 9)   [3, 4]
(96, 11)  [4, 4]
(100, 13) [3, 4]
(103, 16) [2, 1]
(34, 0)   [39, 5]
(26, 2)   [8, 3]
(21, 4)   [5, 1]
(12, 6)   [5, 20]
(9, 8)    [3, 20]
(7, 10)   [2, 20]
(5, 12)   [2, 20]
(3, 14)   [2, 20]
(1, 17)   [2, 21]
(0, 21)   [1, 11]
(3, 34)   [1, 7]
(21, 35)  [2, 17]
(20, 40)  [1, 8]
(19, 43)  [1, 2]
(72, 36)  [8, 15]
(75, 33)  [5, 3]
(75, 51)  [5, 3]
(80, 37)  [4, 13]
(84, 40)  [6, 7]
(90, 42)  [8, 3]
(35, 54)  [37, 11]
(29, 54)  [6, 7]
(27, 54)  [2, 5]
(24, 54)  [3, 3]
(37, 65)  [31, 5]
(68, 65)  [2, 2]
(39, 70)  [29, 2]
(41, 72)  [27, 2]
(43, 74)  [23, 1]
(72, 59)  [4, 6]
(76, 61)  [1, 2]
